bd.csv

Edad 	indice[0-1]
45	0.8
67	0.6
89	0.9
4	1
5	0.2
65	0.3
2	0.4
43	0.5
56	0.6
89	0.7
53	0.8
67	0.9
1	1
23	0.1
4	0.2
5	0.3
6	0.4
7	0.6
8	0.1
9	1
9	1
9	1
99	0.5
88	0.6
77	0.4
66	0.3
55	0.7
44	0.3
33	0.9
88	0.3
66	0.6
34	0.2
26	0.5
47	0.6
46	0.4
23	0.3
20	0.9
15	1
25	1
34	1
69	1
87	0.2
96	0.2
45	0.2
54	0.5
67	0.6
79	0.7
13	0.3
23	0.2
34	0.3
54	0.4
51	0.1
61	0.2
32	0.3
43	0.4
45	0.5
6	0.6
7	0.7
59	0.8
90	0.9
99	1
98	0.1
9	0.1
97	0.3
91	0.4
93	0.5
95	0.7
45	0.2
78	0.1
95	1
67	1
34	1
52	1
34	0.9
5	0.9
67	0.3
89	0.3
54	0.6
13	0.7
14	0.2
26	0.3
70	0.1
83	0.2
45	0.3
69	0.4
78	0.5
73	1
43	1
23	1
45	1
67	1
89	1
70	1
54	0.9
43	0.5
23	0.4
12	0.3
28	0.1
56	0.7
31	1
